Missing data from input file 2016-11-14_13_geno.gen.

Possible four types of missing data at a locus:
	1. Genotype contains only zeros or partially scored.
	2. Genotype has less digits than normal one.
	3. Genotype has more digits than normal one.
	4. Genotype contains non-digit character.
Types 3 and 4 stop the program.

In the table, each row is for an individual with missing data
(a) If column 'Locus' has only one number, then it is the first
    locus with missing data and also of highest missing data type.
(b) If column 'Locus' has 2 numbers, then the first number is
    the first locus with data missing, and the second number is
    the first locus that has highest missing data type.
(c) Genotype column contains the genotype of the locus in case (a)
    or the second locus in case (b).

Population 1 [L0255]
-----------------------------------------------------------
Individual       Locus         Genotype     Number of Loci
                                          with missing data
       1            4             0000            17
       2           18             0000             1
       3            5             0000             9
       4           88             0000             1
       7          120             0000             4
       9          120             0000             6
      11            4             0000            18
      12          125             0000             3
      13          120             0000             1
      14          120             0000             2
      15           88             0000             8
      16          242             0000             1
      19          140             0000             1
      22            4             0000             3
      32          111             0000            11
      33            2             0000             4
      34          170             0000             2
      35            4             0000            64
      36          198             0000             8
      37          120             0000             5
      38          220             0000             8
      39           84             0000             9
      40          120             0000             1
      42          497             0000             1
      43            1             0000           231
      44           51             0000             4
      45          393             0000             3
      46          706             0000             2
      48          692             0000             1
      49          217             0000             2
      51          120             0000             3
      52          120             0000             1
      53          120             0000             7
      54          210             0000             3
      55          196             0000             4
      56          706             0000             2
      57           58             0000            11
      59           90             0000             1
      60          705             0000             1
      61            6             0000             6
      62           91             0000             4
      63           34             0000            27
      64          196             0000             2
      65           34             0000            39
      69           88             0000             3
      70          335             0000             4
      75          335             0000             1
      78           68             0000             4
      79          335             0000             1
      80          583             0000             1
      84          151             0000             4
      85          120             0000             1
      87           92             0000             2
      88           76             0000             7
      89           88             0000             2
      90          194             0000             3
      92          311             0000             1
      93          393             0000             1
      94          335             0000             3
      96          447             0000             3
      97          196             0000             1
      98          311             0000             1
      99           97             0000             4
     101           88             0000             2
     102           88             0000             1
     106          338             0000             1
     107          393             0000             1
     109            8             0000            18
     112           18             0000             3
     113           88             0000             4
     114          120             0000             5
     116           23             0000            11
     119           88             0000             1
     120          515             0000             2
     121          120             0000             1
     122          196             0000             3
     124           29             0000            47
     125           67             0000            82
     126            7             0000            70
     127            4             0000           111
     128           34             0000            77
     129           99             0000            41
     130           99             0000            19
     131          112             0000            22
     132          126             0000            14
     133          688             0000             1
     134            8             0000            15
     135          250             0000             9
     136           92             0000            11
     137          196             0000             2
     138          544             0000             1
     139          398             0000             2
     140            4             0000            10
     141           16             0000            16
     142           58             0000             8
     143           99             0000            16
     144          335             0000             1
     145          135             0000             9
     147           99             0000             2
     148          334             0000             1
     149            2             0000             5
     151          148             0000             3
     152          501             0000             1
     153          492             0000             1
     154           48             0000            46
     155          515             0000             2
     157          311             0000             1
     158           46             0000             4
     159            7             0000            16
     160          785             0000             1
     162            3             0000           147
     163           28             0000            65
     164            5             0000           116
     165            9             0000            90
     166            3             0000           208
     167            5             0000           151
     168            2             0000           143
     169            1             0000           200
     170            3             0000           142
     171           12             0000           167
     172           15             0000            63
     173            3             0000           182
     174           14             0000           144
     175            1             0000           180
     176            3             0000           170
     177            2             0000           123
     178            6             0000           119
     179            2             0000            75
     180            2             0000           179
     181           14             0000           103
     182           48             0000            28
     183           12             0000            79
     184            2             0000           113
     185            1             0000           159
     186           25             0000            88
     187            5             0000            30
     188            3             0000            64
     189            1             0000           135
     190            9             0000           163
     191           13             0000           111
     192            3             0000            87
     194            6             0000           102
     197          250             0000             4
     198          311             0000             1
     200           57             0000             5
     201          563             0000             2
     202          181             0000             6
     203          244             0000             5
     204            2             0000             8
     205          132             0000             2
     215          188             0000             1
     218          244             0000             2
     223           36             0000             1
     225          705             0000             1
     229          447             0000             1
     230          215             0000             2
     231           67             0000             5
     232          190             0000            20
     235          692             0000             4
     237          162             0000             2
     240          440             0000             1
     241           42             0000            13
     242           11             0000            81
     243          140             0000             6
     244          120             0000             1
     245          355             0000             2
     246           49             0000            44
     247          622             0000             3
     248          317             0000             1
     253          697             0000             2
     254          754             0000             1
     255          200             0000             3
     256          620             0000             2
     257           68             0000             3
     263          395             0000             1
     264           18             0000            41
     275          344             0000             1
     279          420             0000             2
     280           18             0000            28
     281           90             0000             1
     283          497             0000             3
     284          220             0000             2
     288           11             0000           123
     289            1             0000           345
     290            2             0000           388
     291            2             0000           376
     292            2             0000           345
     293            2             0000           312
     296          319             0000             1
     297          125             0000             3
     299          614             0000             1
     300          190             0000             1
     304          432             0000             1
     306          383             0000             2
     309          311             0000             1
     317          779             0000             1
     319           48             0000             1
     322          311             0000             2
     325          803             0000             1
     326          431             0000             1
     329           15             0000            37
     333          769             0000             1
     335          275             0000             1
     336          286             0000             8
     338          181             0000             3
     339           27             0000            48
     340          511             0000             1
     341          391             0000             1
     342            1             0000           154
     343            4             0000           167
     344            4             0000           172
     345            2             0000           208
     346           19             0000            56
     348           97             0000             3
     349          453             0000             1
     352          697             0000             2
     353          335             0000             2
     355          221             0000             1
     357          190             0000             2
     358          212             0000             2
     361          515             0000             2
     362            4             0000            77
     363          173             0000             5
     364            7             0000           107
     366            8             0000           229
     367           15             0000           135
     368          545             0000             1
     369          407             0000             1
     370          622             0000             1
     371          252             0000             2
     372          163             0000             3
     375            7             0000            74
     376           99             0000            10
     377           20             0000            19
     379            7             0000            39
     380            4             0000           174
     381          338             0000             4
     382          286             0000             6
     383            2             0000            20
     384            7             0000            34
     385            4             0000            29
     386            7             0000            76
     387            8             0000            77
     388          275             0000             2
     390          748             0000             2
     391          150             0000             2
     392          446             0000             3
     393          276             0000             1
     396          163             0000             4
     397          151             0000             4
     398          392             0000             4
     400           84             0000            12
     402          703             0000             3
     404            3             0000             2
     405            8             0000            33
     406          142             0000             2
     407          251             0000             7
     408          312             0000             6
     409           15             0000            23
     410          622             0000             1
     411          489             0000             2
     412          431             0000             1
     413          697             0000             2
     414          132             0000             1
     415           54             0000            15
     417           73             0000            26
     418          150             0000             8
     419            1             0000           262
     420            8             0000             2
     421           81             0000             2
     422          363             0000             1
     424          311             0000             3
     427          127             0000             8
     428          497             0000             2
     429          344             0000             2
     430          163             0000             1
     433           23             0000             5
     434           11             0000            42
     435           12             0000           186
     437           18             0000            55
     438           42             0000            20
     443          285             0000             1
     444            8             0000           170
     445           39             0000             6
     448           48             0000             2
     449           51             0000             9
     452           52             0000             3
     453           32             0000            36
     454            4             0000           140
     455            5             0000            42
     456           25             0000            33
     457            2             0000            49
     458            5             0000            38
     459           16             0000            50
     460            2             0000            37
     461            7             0000            35
     462            8             0000            99
     463            2             0000           105
     464            6             0000             2
     465          186             0000             1
     467          131             0000             1
     472           35             0000            60
     473           27             0000            46
     474          190             0000             2
     475          509             0000             4
     476           49             0000             7
     479          530             0000             1
     480           51             0000             2
     481           47             0000             9
     482          483             0000             1
     483          240             0000             1
     484          754             0000             1
-----------------------------------------------------------
Total missing data for population    1:        11199

